0:     -10.059   0.583  -5.891  -1.332  -2.408   1.242   4.489   5.023   2.932  -0.417  -5.209  -2.183  52.587
         0.885   2.025   1.871   0.831  -0.135  -0.016   0.477  -1.425  -1.216  -1.123  -0.576   0.459   0.513
        -0.042   0.001  -0.229   0.147   0.100  -0.130  -0.762  -0.256  -0.456  -0.340  -0.185  -0.327   0.051
1:      -8.631   5.120   0.074  -1.274  -4.328   3.700   8.038   3.477   3.154  -0.273  -3.660  -2.219  53.116
         1.150   2.799   1.577   1.379  -0.214  -0.760  -1.067  -1.998  -2.871  -2.283  -1.287  -0.438   0.904
        -0.214  -0.588  -0.668  -0.098   0.273   0.096  -0.729   0.103  -0.131  -0.032  -0.001  -0.359  -0.077
2:      -6.347   8.437   0.483   2.793  -2.122  -0.066   5.097  -1.331  -3.259  -6.107  -8.862   0.130  54.885
         0.543   1.640   0.876   1.292   0.407  -0.293  -2.559  -2.418  -2.667  -2.246  -1.144  -0.730   0.572
        -0.384  -1.060  -0.828  -0.654  -0.162   0.205  -0.280   0.854   1.121   1.080   0.993  -0.129  -0.234
3:      -6.164  10.650  -1.195   3.500  -3.620  -1.903  -1.151  -1.791  -8.327  -8.986  -9.818  -5.528  55.958
        -0.013  -0.725  -0.970   0.109   0.959   0.600  -1.653  -0.413  -1.148  -0.720  -0.297  -0.742   0.098
        -0.396  -1.223  -0.800  -1.082  -0.614   0.047   0.628   1.218   2.008   2.016   1.898   0.549  -0.286
4:      -8.580   6.017  -0.879   2.743  -0.727   2.580  -3.712  -4.433  -4.662  -7.288  -7.851  -4.177  54.027
        -0.455  -1.514  -0.997  -1.803  -1.533   0.329  -0.629   2.053   3.525   3.493   3.894  -0.033  -0.257
        -0.177  -0.483  -0.418  -0.807  -0.902  -0.501   1.139   1.007   1.602   1.774   1.966   1.226  -0.093
5:      -7.580   2.706  -4.094  -0.705  -0.229   5.379   4.179   2.961  -1.883  -3.282  -5.649  -3.773  54.036
        -0.332  -1.740  -1.488  -2.483  -2.311  -0.836   1.105   1.857   4.072   4.927   5.684   1.961  -0.109
        -0.090   0.348   0.241   0.054  -0.358  -0.485   0.814   0.147   0.250   0.294   0.670   0.999  -0.006
6:      -7.915   4.840  -3.054  -4.120 -11.482  -2.064  -0.713   6.560  11.144   8.507   8.526  -0.914  54.560
        -0.184  -0.265  -0.953  -1.449  -2.467  -2.081   1.758   1.483   2.731   3.803   5.694   4.048   0.209
        -0.068   0.448   0.455   0.749   0.979   0.173   0.375  -0.683  -1.410  -1.601  -1.516   0.059  -0.051
7:      -8.156   2.537  -7.549  -5.484  -9.800  -3.761   2.876   1.997   4.128   7.753  10.412   2.647  55.144
        -0.599   0.391   0.211   0.204  -0.366  -0.622   1.225   0.608   0.499   0.594   2.152   2.212  -0.166
        -0.143   0.269   0.723   0.863   1.246   0.812  -0.285  -0.728  -1.483  -2.315  -2.578  -1.117  -0.211
8:      -9.213   4.778  -3.919  -2.113  -8.276  -3.255   5.728   3.465   5.987   6.209  12.589  12.854  54.518
        -0.660  -0.337   0.430   0.600   2.387   1.086   1.187  -0.737  -1.738  -2.343  -1.921   0.135  -0.483
        -0.059  -0.080   0.467   0.448   0.959   0.753  -0.721  -0.667  -0.937  -1.643  -2.194  -1.601  -0.237
9:      -9.928   4.693  -2.607  -0.691  -3.660   2.867   7.083   7.550   3.190   0.835   3.080   0.402  53.229
        -0.808  -0.358   1.436   0.807   1.492   1.642  -0.034  -0.673  -1.107  -3.572  -3.401  -1.668  -0.820
        -0.163   0.161  -0.198   0.042   0.060   0.135  -0.704  -0.422  -0.009  -0.369  -0.556  -0.580   0.120
10:    -10.328   2.075  -3.378  -3.516  -2.615   0.053   3.117   0.100   2.925   0.248   2.589   0.883  53.101
        -0.374  -0.291   0.771   0.491   1.397   0.553  -1.215  -1.212  -1.152  -2.329  -2.501  -2.018  -0.651
        -0.517   0.839  -0.618  -0.141  -0.645  -0.267  -0.507  -0.018   0.709   0.556   0.654   0.205   0.548
11:    -11.637   2.097  -0.637  -0.748  -5.171   2.796   4.011   0.314   0.124  -7.128  -1.593   0.293  51.754
        -1.556   1.175  -0.948   0.470   0.428   0.322  -1.096  -1.263   0.163  -1.257  -0.338   0.390   0.517
        -0.241   0.274  -0.943  -0.292  -0.838  -0.851   0.173   0.036   0.420   0.950   0.533   0.404   1.070
12:    -10.231   4.620  -1.047   0.371  -0.534  -0.454   1.187   1.021   1.763  -1.455   2.421   2.819  51.998
        -2.870   3.090  -1.468   0.062  -0.308   0.413  -0.817  -0.530   1.172  -0.722  -0.183   0.130   1.586
         0.277  -0.828  -0.517  -0.489  -1.139  -1.067   0.632   0.145  -0.057   0.515  -0.322  -0.225   1.567
13:    -17.755   9.294  -8.511  -0.283  -2.561   4.731   2.569   0.776   4.586  -4.597   1.472   1.385  56.365
        -0.763  -0.679  -2.161  -0.440  -1.846  -2.541   0.633  -0.833  -0.168   0.374  -1.896  -0.721   3.412
         1.023  -1.594   0.575  -0.278  -0.493  -1.047   0.302   0.318  -0.417   0.305  -0.629  -1.003   1.299
14:    -21.617  13.927  -6.778  -3.439  -5.458   1.152  -0.245  -2.779   6.554  -4.629   0.141   0.986  58.725
         0.614  -3.507  -1.209  -1.500  -3.160  -3.352   1.079  -0.704  -1.270  -0.568  -3.331  -2.589   5.738
         1.336  -0.928   1.165   0.474  -0.066   0.040  -0.675   0.060  -0.135   0.082  -0.068  -0.627   0.627
15:     -9.759  -5.953  -8.577  -1.044 -11.939 -10.712   7.893  -1.952  -3.114  -3.672  -9.931  -2.398  65.449
         1.815  -3.497   1.798  -0.138  -0.613  -3.031  -0.534   0.413  -0.702   0.189  -1.910  -3.264   4.935
         0.712   1.132   1.179   0.948   0.373   1.438  -1.907  -0.571   0.758  -0.148   1.101   0.331  -0.331
16:    -11.161  -5.290  -7.059  -6.751 -11.645  -9.493   3.920  -1.135  -0.735  -4.756  -8.531  -8.234  76.145
         2.522  -0.143   2.379   2.279  -1.252   0.858  -3.608  -0.854   0.766  -0.220  -0.518  -1.734   3.960
         0.354   1.558   0.451   0.940   0.290   1.195  -1.873  -1.123   0.713  -0.033   1.428   1.436  -0.953
17:    -13.906   1.419   0.618   0.684  -2.534  -5.102  -2.183   2.019   4.719  -3.590  -3.743 -10.327  72.332
         1.844   3.301   1.942   2.408  -0.934   2.545  -6.559  -3.616   2.602  -0.538   2.203   0.507   2.644
         0.033   0.353  -0.521   0.000  -0.442  -0.229  -0.400  -1.047  -0.059  -0.033   0.569   1.504  -0.575
18:     -6.932   9.527   0.517   7.092 -16.423   2.636 -13.245  -9.035   6.470  -5.770  -5.540  -3.720  75.086
         2.368   0.884   0.974   1.925  -1.551  -0.163  -5.271  -4.305   0.646  -0.369   1.755   2.704   2.116
        -0.353  -1.322  -0.557  -0.647  -0.452  -1.744   1.588   0.115  -0.604   0.238  -0.552   0.551  -0.506
19:     -2.655   3.144  -2.655   4.076 -14.222  -4.051 -16.321 -16.080   6.294  -5.856  -0.412  -2.122  79.201
         2.055  -2.246  -0.103   0.041  -2.676  -3.666  -1.702  -3.098  -0.939   0.100  -0.200   2.037   2.985
        -0.503  -1.661  -0.131  -0.424  -0.808  -1.443   2.608   0.920  -0.377   0.087  -1.369  -0.399  -0.812
20:     -4.944  -1.732  -0.555   1.180 -13.556 -10.836 -15.366 -13.611   1.706  -5.468  -1.423   1.184  83.288
         0.652  -3.979   0.615   0.228  -2.643  -4.758   1.904  -0.539  -0.484   0.652  -2.074   0.255   1.258
        -0.533  -0.478   0.231  -0.115  -0.787   0.161   1.918   0.528   0.473  -0.216  -0.760  -0.702  -1.333
21:     -4.625  -4.180   0.637   3.845 -17.345 -16.697  -9.631 -11.182   2.406  -3.244  -6.801  -2.595  83.155
         0.188  -2.572   1.464   1.138  -4.429  -2.373   2.895  -0.897   1.284  -0.614  -2.728  -0.262  -0.986
        -0.397   0.779   0.212  -0.009  -0.264   1.362   0.464  -0.200   0.840  -0.548   0.460  -0.097  -1.492
22:     -2.690  -6.704   1.948   8.349 -28.077 -14.830  -7.072 -14.179   5.994  -3.816 -12.715  -2.206  79.400
         0.637  -1.343   1.344   0.803  -4.611  -0.003   2.020  -2.766   1.902  -1.092  -0.781   0.343  -2.565
        -0.183   1.379  -0.206  -0.546   0.596   1.284  -0.584  -0.425   0.498  -0.470   1.309   0.501  -0.776
23:     -2.843  -7.229   3.414   6.183 -29.105 -13.920  -5.996 -20.278  10.570  -9.751  -8.408  -1.734  76.215
         0.079   0.329   0.590  -0.291  -3.013   0.768   0.561  -2.985   2.071  -1.769   1.451   1.508  -2.565
        -0.189   1.180  -0.434  -0.939   1.284   0.492  -0.685   0.207   0.075   0.073   1.109   0.557   0.035
24:     -2.651  -6.921   4.778   4.027 -30.731 -12.240  -7.085 -22.894   7.132  -7.673  -4.524   2.468  73.931
        -0.210   1.467   0.020  -1.785  -0.369   0.093   0.149  -1.622   1.613  -1.122   2.382   1.875  -1.831
        -0.221   0.669  -0.276  -0.689   1.172  -0.149  -0.114   0.789   0.100   0.404   0.167   0.167   0.495
25:     -4.248  -2.425   2.174   4.553 -31.085 -14.150  -6.821 -21.750  12.191 -10.160  -3.639   2.606  73.065
        -0.336   1.925  -0.046  -2.262  -0.127   0.038   0.403  -0.432   1.804  -0.231   1.234   1.756  -1.177
        -0.015  -0.126   0.114  -0.068   0.347  -0.115   0.382   0.567  -0.047   0.616  -0.433  -0.294   0.501
26:     -3.035  -1.770   2.669   0.241 -28.934 -14.250  -5.914 -21.553  13.251  -9.223  -3.190   5.001  71.821
        -0.260   1.203   0.284  -1.658  -0.197  -0.383   1.526  -0.095   2.535   0.161   0.162   1.053  -0.784
         0.039  -0.595   0.308   0.755  -0.521   0.107   0.409   0.296  -0.161   0.331  -0.327  -0.538   0.366
27:     -4.333  -0.181   4.238  -3.235 -30.639 -12.725  -4.567 -23.107  16.531 -10.133  -2.908   5.779  71.386
         0.032  -0.170   1.028  -0.693  -1.364   0.433   1.782  -0.915   1.376   0.672   0.396   0.448  -0.582
         0.128  -0.761   0.260   1.089  -0.570   0.034   0.022   0.285  -0.394   0.058  -0.062  -0.477   0.212
28:     -3.908  -2.030   5.163  -0.367 -31.937 -14.867  -0.582 -22.692  17.636  -6.883  -4.081   6.149  70.853
        -0.198  -0.459   1.025   1.207  -2.355   0.430   1.506   0.098   1.022   0.083   1.166  -0.162  -0.300
         0.156  -0.487  -0.008   0.899  -0.213  -0.092  -0.376   0.347  -0.515  -0.216   0.070  -0.406   0.110
29:     -3.653  -3.143   6.067   1.390 -36.405 -11.675  -0.579 -25.755  16.880  -7.968  -1.213   4.272  70.641
         0.273  -1.050   0.882   1.748  -1.896  -0.197   0.524   0.896   0.593   0.095   0.419  -0.023  -0.361
         0.165  -0.073  -0.228   0.363   0.326  -0.204  -0.348   0.261  -0.369  -0.279  -0.126  -0.295   0.017
30:     -4.366  -2.586   6.879   3.964 -37.824 -12.623  -0.376 -19.741  18.188  -9.892   1.792   4.946  70.695
         0.402  -0.791   0.315   1.615  -0.997  -0.526   0.276   0.734   0.353  -0.629   0.502  -0.739  -0.346
         0.267   0.079  -0.203  -0.243   0.651   0.163  -0.295  -0.500  -0.462  -0.020  -0.382  -0.381  -0.109
31:     -2.740  -5.154   7.788   3.339 -37.176 -14.832  -2.049 -20.100  19.218  -8.153  -3.747   6.265  69.660
         0.558  -0.366   0.241   0.919  -0.412  -0.111   0.658   0.072  -0.133  -0.366   0.097  -0.736  -0.475
         0.256   0.425  -0.093  -0.358   0.829   0.793  -0.406  -0.737  -0.572  -0.202  -0.480  -0.494  -0.293
32:     -2.355  -4.981   5.880   6.734 -36.537 -15.918   1.533 -21.849  18.230  -9.937  -0.304   1.458  69.611
         0.993  -0.407   0.328   0.407   0.158   1.201  -0.036  -1.988  -0.927   0.211  -0.581  -1.712  -0.787
         0.227   0.606  -0.045  -0.122   1.178   1.038  -0.659  -0.298  -0.700  -0.676  -1.082  -0.339  -0.514
33:     -1.867  -3.778   7.773   4.600 -39.110 -10.582   1.758 -24.344  16.195  -9.777   0.320   2.334  68.806
         1.256   0.881   0.412   0.560   1.672   2.905  -1.349  -1.429  -1.627  -1.335  -1.438  -2.008  -1.605
         0.069   0.638  -0.223   0.165   1.472   0.426  -0.320   0.454  -0.570  -1.024  -1.228  -0.261  -0.513
34:      0.163  -5.310   8.527   5.368 -36.064  -8.743  -2.457 -27.558  15.062  -8.024  -3.148  -1.649  67.188
         1.190   1.613   0.003   1.183   3.853   3.156  -2.014  -0.007  -2.402  -3.523  -4.140  -1.800  -2.353
        -0.162   0.561  -0.381  -0.008   1.114  -0.517   0.657   0.973  -0.317  -0.654  -0.676   0.195  -0.230
35:      2.284  -0.583   8.525   6.825 -29.054  -3.896  -6.799 -24.389  12.666 -15.784  -9.514  -2.220  62.846
         0.807   1.814  -0.713   1.358   5.102   1.039   0.048   1.352  -2.246  -3.619  -4.266  -1.999  -2.256
        -0.299   0.122  -0.389  -0.606   0.127  -1.159   1.417   0.425  -0.057   0.725   0.428   0.560   0.266
36:      1.518   1.485   5.521  11.538 -22.302  -3.478  -4.258 -21.862   7.985 -24.549 -16.086  -5.267  60.824
         0.409   1.933  -1.013  -0.031   4.014  -0.453   2.551   1.488  -2.203  -1.916  -2.548  -0.740  -1.611
        -0.231  -0.128  -0.178  -1.204  -0.816  -0.992   1.128  -0.221   0.228   1.855   1.662   0.867   0.579
37:      1.489   1.895   5.712   8.304 -20.482  -8.018   2.900 -20.433   8.504 -19.608 -14.541  -5.849  60.709
         0.151   1.331  -1.025  -1.864   2.228  -1.087   3.455  -0.052  -2.009   1.488  -0.093   0.263  -0.645
        -0.077  -0.245  -0.016  -1.162  -0.960  -0.278  -0.007  -0.421   0.247   1.743   1.649   0.866   0.539
38:      2.603   3.117   4.868   4.474 -20.282  -8.949   5.450 -22.096   6.127 -15.690 -13.376  -3.536  60.200
         0.362   1.215  -0.731  -3.226   1.209  -0.742   1.920  -0.412  -1.383   3.198   2.084   1.405  -0.265
         0.043  -0.346  -0.043  -0.366  -0.488   0.149  -0.977   0.173   0.257   0.920   0.933   0.285   0.305
39:      2.499   5.256   3.727   1.038 -18.924  -6.595   5.625 -24.533   3.549 -12.775 -11.332  -1.771  59.935
         0.444   0.948  -0.936  -2.853   1.707  -0.206   0.327   0.196  -1.420   2.539   1.661   1.260  -0.232
         0.088  -0.425  -0.094   0.505   0.035   0.213  -1.298   0.764   0.391  -0.067  -0.050  -0.170   0.066
40:      2.825   5.880   2.860  -0.960 -17.037  -7.901   3.981 -21.872   3.550 -11.975  -7.273  -0.281  59.886
         0.479   0.393  -1.274  -1.367   1.836  -0.151  -0.769   2.228  -1.212   2.161   1.239   0.184  -0.291
        -0.019  -0.403  -0.080   1.038  -0.019   0.177  -0.905   0.636   0.571  -0.522  -0.583  -0.570  -0.032
41:      3.598   5.252   2.037  -3.243 -13.570  -9.574   5.269 -19.565   2.691  -8.772  -9.289  -1.174  59.707
         0.533  -0.382  -1.226  -0.266   2.088  -0.318  -1.688   2.446  -0.140   1.673   0.079   0.022  -0.299
        -0.131  -0.294   0.202   1.205  -0.590   0.088  -0.561  -0.038   0.640  -0.597  -0.105  -0.704  -0.015
42:      4.451   5.083  -0.656  -0.222 -13.780  -8.212   1.781 -13.438   0.494  -6.887  -8.205  -2.913  58.859
         0.220  -0.135  -0.985   0.673   0.923   0.198  -1.598   1.644   0.833   1.021  -0.041  -0.827  -0.389
        -0.308  -0.307   0.497   0.803  -0.872   0.261  -0.450  -1.123   0.525  -0.620   0.343  -0.676   0.216
43:      4.353   3.746  -0.642  -0.660 -10.115  -8.031  -1.716 -16.520   4.377  -6.953 -10.469  -0.346  58.954
        -0.082  -0.260  -0.069   2.150  -0.785   0.059  -2.066   0.298   0.755   0.126   1.776  -1.754  -0.258
        -0.466  -0.549   0.384   0.061  -0.973   0.684  -0.190  -1.671   0.611  -0.066   0.411  -0.673   0.588
44:      3.549   5.955  -0.727   1.111 -14.148  -7.683  -0.518 -15.176   6.873  -7.782  -6.886  -4.830  58.316
        -0.755  -1.201   0.634   1.440  -1.090   0.966  -2.831  -2.314   0.965  -0.165   2.105  -2.306   0.768
        -0.508  -0.902   0.029  -0.731  -0.553   0.838   0.283  -1.565   1.071   0.676  -0.232  -0.168   0.851
45:      3.638   3.515   1.727   6.841 -17.313  -9.543  -3.910 -17.204   3.277  -7.695  -1.067  -8.986  58.689
        -1.309  -2.594  -0.117  -0.342  -1.771   2.716  -2.021  -3.930   2.850   1.938   1.064  -2.603   2.061
        -0.481  -0.624  -0.461  -1.200  -0.077   0.464   0.991  -0.687   1.530   0.890  -1.187   0.399   0.743
46:      1.033  -0.805   1.328   3.225 -15.631  -2.625 -11.275 -24.666   5.869  -7.341  -2.383 -10.125  62.831
        -1.705  -3.480  -0.816  -1.736  -1.347   3.061  -0.208  -4.066   5.141   3.492  -0.843  -1.241   2.706
        -0.253   0.073  -0.433  -0.625  -0.006  -0.574   1.374   0.728   1.162   0.405  -1.323   0.812   0.171
47:     -0.934  -5.845  -2.255  -3.428 -18.228   3.018  -6.441 -31.423  19.127   2.517  -7.401 -10.713  67.000
        -2.011  -2.240  -1.650  -2.260  -1.041   1.333   1.579  -2.262   6.317   2.747  -2.686  -0.291   2.488
         0.075   0.614   0.169   0.277   0.086  -1.536   0.659   1.613  -0.154  -0.727  -0.797   0.940  -0.463
48:     -2.690  -6.766  -2.818  -2.435 -20.424   1.340  -0.291 -28.396  24.651   4.574  -7.936 -10.171  67.689
        -1.668  -1.012  -0.766  -0.729  -1.485  -1.214   2.239   0.492   5.041   1.454  -2.636   0.598   1.409
         0.381   0.579   0.617   0.656  -0.011  -1.483  -0.508   1.504  -1.518  -1.184  -0.049   0.609  -0.734
49:     -4.556  -4.706  -4.449  -1.627 -20.121  -4.863  -1.506 -26.648  25.472   0.082 -11.721 -10.420  68.698
        -0.952  -0.760   0.701   0.540  -1.270  -2.825   0.049   1.856   2.127  -0.678  -2.023   1.177   0.395
         0.526   0.088   0.705   0.429  -0.073  -0.615  -1.301   0.758  -2.215  -0.924   0.535   0.352  -0.670
50:     -5.496  -6.433  -1.407  -1.321 -22.107  -4.755  -2.547 -24.593  27.902   1.148 -13.402  -7.282  69.029
        -0.330  -1.327   1.090   0.143  -1.287  -2.277  -1.983   1.396  -0.356  -0.717  -1.421   1.068   0.082
         0.456  -0.102   0.267  -0.079   0.141   0.251  -1.236   0.070  -2.154  -0.571   0.792   0.289  -0.390
51:     -4.292  -9.812   0.546  -1.287 -23.737  -8.058  -5.069 -24.045  28.138   0.842 -14.785  -6.273  68.305
        -0.051  -1.644   0.946  -0.552  -1.503  -1.213  -2.812   1.077  -2.060  -0.789  -0.620   1.235  -0.197
         0.240   0.192  -0.170  -0.312   0.316   0.548  -0.379  -0.194  -1.463  -0.360   0.837   0.379  -0.169
52:     -4.471 -10.848   0.136  -1.888 -25.053  -8.446  -8.424 -22.717  21.540   0.607 -13.512  -6.905  68.294
         0.162  -1.078   0.445  -0.576  -0.665  -0.766  -2.512   1.232  -3.636  -1.347   0.624   2.014  -0.246
         0.054   0.598  -0.152  -0.162   0.351   0.395   0.300  -0.074  -0.512  -0.495   0.660   0.301  -0.122
53:     -5.325 -10.720  -0.488  -4.104 -26.164  -9.083 -12.629 -22.199  18.355  -3.593 -14.768  -4.433  68.082
         0.002   0.077   0.177  -0.659  -0.000  -0.840  -1.581   0.968  -3.548  -2.162   1.139   2.599  -0.284
        -0.077   0.749   0.008   0.194   0.202   0.160   0.638  -0.164   0.412  -0.518   0.251  -0.104  -0.098
54:     -4.170 -11.368   1.334  -2.791 -24.217  -8.075 -11.327 -19.355  14.612  -3.370 -10.291   1.870  67.911
        -0.089   0.803   0.716  -0.614  -0.285  -0.488  -1.098   1.082  -2.174  -2.507   0.999   1.892  -0.484
        -0.179   0.603   0.135   0.638  -0.173   0.220   0.463  -0.383   1.108  -0.296  -0.282  -0.566  -0.099
55:     -4.431  -9.167   0.830  -4.128 -24.155 -12.446 -11.524 -20.884  13.864  -7.979 -10.702   2.333  67.077
        -0.310   1.160   0.853   0.435  -0.682  -0.554  -0.331   0.331  -0.731  -2.801   0.448   0.778  -0.567
        -0.150   0.225   0.280   1.175  -0.337   0.576   0.153  -0.308   1.028   0.137  -0.382  -0.578  -0.061
56:     -5.363  -7.610   3.058  -4.945 -27.480  -9.203 -14.468 -17.964  12.916  -9.734 -10.550  -0.830  66.379
        -0.577   1.395   0.782   2.066  -1.190   0.188  -0.821  -0.364   0.496  -2.507  -0.443   0.095  -0.597
        -0.153   0.017   0.364   1.229  -0.081   0.514   0.171  -0.042   0.406   0.441  -0.417  -0.148  -0.001
57:     -6.280  -6.798   2.915  -0.850 -27.943 -11.288 -12.713 -21.239  15.548 -14.416 -12.401   0.808  66.013
        -0.502   0.907   1.542   3.878  -1.234   1.703  -0.956   0.150   0.260  -1.475  -0.049   0.608  -0.533
        -0.089  -0.058   0.491   0.414   0.163   0.203   0.360   0.350  -0.191   0.642  -0.081   0.115   0.023
58:     -6.132  -5.580   4.203   5.901 -28.271  -7.713 -14.838 -20.998  16.248 -12.684 -11.656   3.109  65.456
        -0.758   1.013   2.190   3.807  -0.414   0.954   0.068   0.963  -0.642  -0.963  -0.837   1.239  -0.508
         0.006  -0.027   0.336  -0.694   0.354  -0.504   0.668   0.224  -0.454   0.614   0.198  -0.044   0.022
59:     -6.557  -5.648   7.969   9.842 -29.929  -4.677 -16.119 -18.620  13.495 -13.878 -10.395   3.401  64.872
        -0.666   1.063   2.606   1.633  -0.253   0.080   1.027   1.418  -1.118  -0.364   0.238   0.784  -0.497
         0.100   0.193  -0.042  -1.378   0.361  -1.089   0.650  -0.441  -0.187   0.422   0.277  -0.356   0.013
60:     -9.015  -3.119  11.480   8.746 -28.555  -7.737 -12.426 -14.460  10.733 -14.816 -15.736   4.066  64.411
        -0.463   1.181   1.929  -0.280   0.092  -1.519   1.527   0.120  -1.087   0.008   0.402  -0.211  -0.507
         0.284   0.292  -0.303  -1.183   0.182  -0.916   0.098  -0.819  -0.109   0.293   0.429  -0.386  -0.013
61:     -8.168  -2.714  12.307   5.894 -29.067 -10.878  -8.786 -17.420  12.715 -15.168  -9.170   4.248  64.050
        -0.150   1.788   1.464  -0.970   0.320  -2.504   1.567  -1.636  -0.454   0.149   0.714  -0.445  -0.470
         0.286   0.289  -0.413  -0.371   0.322  -0.396  -0.439  -0.380  -0.600   0.120   0.144  -0.086  -0.100
62:     -7.642  -1.140  11.677   6.473 -28.240 -12.209 -10.872 -20.999  11.201 -12.000 -10.260   1.629  63.334
         0.403   2.111   1.248  -0.805   0.207  -2.334   0.288  -1.604  -1.519   0.245   1.070  -0.075  -0.585
         0.220   0.222  -0.444   0.146   0.495   0.351  -0.597   0.454  -0.898   0.067   0.015   0.392  -0.254
63:     -7.993   2.300  15.189   6.128 -28.484 -14.961  -9.061 -23.531  10.991 -14.539  -9.562   2.394  63.062
         0.330   2.042   0.880   0.038   1.302  -1.491  -0.548   0.378  -3.900   0.117   0.626   0.285  -0.957
         0.035  -0.151  -0.697   0.063   0.501   0.683  -0.195   1.121  -0.676   0.555  -0.036   0.629  -0.431
64:     -7.088   4.930  16.277   4.604 -27.811 -17.366 -10.847 -19.424   3.999 -13.907 -10.193   4.618  61.977
         0.396   2.164   0.001  -0.054   2.075  -0.273  -0.399   1.381  -3.856   0.359   0.523   1.382  -1.534
        -0.153  -0.503  -0.826  -0.275   0.332   0.789   0.531   1.090   0.276   0.887  -0.182   0.638  -0.449
65:     -6.795   4.463  14.409   7.019 -22.774 -15.756 -11.541 -16.317  -3.185 -13.630  -6.074   4.177  59.944
         0.028   1.006  -1.398  -1.031   1.892  -0.118   0.936   2.477  -2.666   2.869   0.806   1.973  -2.151
        -0.246  -0.896  -0.769  -0.581   0.117   0.700   0.744   0.536   1.121   0.447  -0.419   0.127  -0.409
66:     -6.259   8.597  12.070   5.757 -20.721 -13.174 -11.629 -17.703  -0.989 -10.658  -9.387   7.647  57.221
        -0.212   0.114  -1.744  -1.647   1.574   0.922   2.204   2.794  -0.758   3.305   0.071   2.273  -2.236
        -0.263  -1.126  -0.444  -0.379   0.120   0.696   0.491   0.228   1.082  -0.217  -0.216  -0.552  -0.242
67:     -8.267   5.498  10.303   0.398 -22.569 -17.648  -3.991 -12.007   0.155  -1.821  -5.934  10.745  54.688
        -0.597  -1.413  -2.094  -2.073   2.138   1.411   1.872   2.351   0.154   0.878  -1.245   0.474  -2.650
        -0.060  -0.623  -0.043   0.254   0.281   0.656  -0.290  -0.130   0.750  -1.084   0.050  -0.857   0.020
68:     -7.412   4.981   9.608  -0.319 -20.043 -11.809  -3.604  -7.608  -1.461  -3.285  -9.906  12.699  53.426
        -0.605  -2.255  -1.873  -1.426   2.553   2.443   1.588   2.585   0.145   0.269   0.467  -0.630  -2.493
        -0.014   0.203  -0.016   0.925  -0.164   0.087  -0.467  -0.443   0.344  -0.757   0.610  -1.131   0.374
69:     -9.201  -0.791   5.170  -0.306 -12.425  -9.386  -6.194  -9.611  -2.178 -12.926 -12.040   4.023  48.589
        -0.077  -0.925  -1.547   0.128   2.808   2.399  -0.207   1.929   0.632  -1.031   0.856  -0.861  -1.921
        -0.165   1.078  -0.144   1.307  -1.239  -0.679   0.177  -0.349   0.351   0.381   0.800  -0.512   0.900
70:     -8.819   0.466   5.271  -1.023 -13.030  -5.093  -2.586  -5.974   0.902  -3.759  -3.999   7.856  47.805
        -0.542   0.884  -2.098   1.877   0.420   0.863   0.910   0.792   0.723   0.474   2.071  -2.716  -0.729
        -0.299   1.336  -0.347   1.003  -1.341  -1.110   0.305  -0.382   0.331   0.640   0.247  -0.028   0.937
71:     -7.946   3.129   4.737   1.388 -12.033  -9.010  -5.538  -3.177   2.135  -6.738  -4.606   8.859  47.896
        -1.452   2.407  -2.703   2.812  -2.991  -1.196   3.094   1.504   1.622   2.681   1.951  -1.045   0.969
        -0.131   0.653   0.086   0.144  -0.318  -0.516   0.046  -0.218  -0.000   0.514  -0.151   0.209   0.466
72:    -10.748   7.441  -0.664   8.219 -18.136  -7.681   0.619  -6.863  -0.005  -4.009  -3.269  -3.298  50.130
        -1.411   2.761  -3.030   2.248  -1.252  -1.310   1.460   0.888   1.304   1.614   1.157  -0.681   0.748
         0.388  -0.367   0.870  -0.877   1.531   0.582  -0.730   0.190  -0.333  -0.184  -0.631   0.494  -0.257
73:    -15.494   7.759  -5.379   9.133 -24.824 -14.073   7.674  -1.645   6.386   0.606  -2.650   4.377  52.273
        -0.295   1.403  -0.652   0.664   2.055   0.908  -0.251   0.790   0.341   0.971   0.559  -0.834  -0.329
         0.774  -0.980   1.349  -1.394   2.469   1.502  -1.185  -0.168  -0.958  -0.788  -0.562  -0.170  -0.758
74:    -12.098  11.956  -4.822   6.344 -12.896  -9.113  -1.890  -2.299   5.299   0.639   0.806   6.693  49.354
         0.822  -0.447   1.224  -1.436   5.551   2.720  -1.065   2.099  -0.302   0.408  -0.389  -0.353  -1.365
         0.489  -1.088   0.955  -1.123   1.041   1.182  -0.283  -0.180  -0.694  -0.345  -0.208  -0.319  -0.499
75:     -8.747   7.884   3.558   5.644  -4.377  -3.753  -5.540  -1.511   1.188  -4.206  -3.849  -0.305  46.640
         1.300  -0.887   1.915  -2.318   5.954   4.300  -1.567   0.059  -2.366  -0.655  -0.088  -2.060  -1.762
        -0.070  -0.463  -0.247  -0.588  -0.890  -0.013   0.422  -0.193  -0.074  -0.102   0.070  -0.025  -0.006
76:    -10.014   5.145   0.990   2.781  -0.605   0.757   1.900   3.566   1.084   0.437  -4.616  -2.721  46.122
         0.235  -1.534   0.462  -1.877   2.005   2.903   0.701   0.354  -0.814   0.703   0.441  -1.662  -1.033
        -0.360   0.015  -0.967  -0.025  -1.848  -0.969   0.518  -0.268   0.396  -0.170   0.172   0.278   0.336
77:    -10.036   6.731   1.291  -0.676  -1.202   2.491  -2.058  -4.281  -3.336  -2.569  -0.378  -1.215  45.077
        -0.351  -0.370  -1.505  -2.057  -0.623   0.751   0.977   0.695   0.227   0.316   0.492  -0.307  -0.523
        -0.329   0.038  -1.032   0.245  -1.319  -1.293   0.471   0.270   0.703  -0.203  -0.123   0.593   0.414
78:    -10.278   4.864  -1.379   0.118  -4.458   2.279  -0.124   0.858   3.489   3.334   1.274  -1.161  44.971
        -0.153  -0.629  -1.900  -1.692  -0.400  -0.352   0.254   0.443   0.383  -0.928   0.180   0.161  -0.303
        -0.045   0.048  -0.426   0.262  -0.018  -0.748  -0.021   0.014   0.079  -0.516  -0.263   0.389   0.253
79:    -10.369   6.173  -2.781  -3.310  -5.567  -0.759   0.360   3.316   1.121  -4.076  -4.333  -2.619  44.602
        -0.149  -1.149  -2.063  -1.185   0.559  -0.539   1.012   1.365   0.549  -0.855  -0.574  -0.005  -0.059
         0.058  -0.135   0.074   0.280   0.561  -0.173  -0.048  -0.156  -0.257  -0.359  -0.219   0.084   0.135
80:    -10.614   2.279  -6.475  -4.363  -0.423   0.622   1.959   1.981   0.770  -3.450  -1.740  -1.213  44.844
        -0.092  -0.907  -1.388  -1.001   1.321  -0.193   0.577   0.091  -0.579  -1.294  -0.343   0.130  -0.001
         0.018  -0.031   0.170   0.157   0.421   0.066   0.021  -0.198  -0.305  -0.117  -0.082   0.007   0.066
