   1         "t+a:"    7   17.833166  16.415609  38.120499
   2         "t+ae"   14   34.014908  37.874153  61.402378
   3         "t+ai"   14   32.518085  37.846695  65.108635
   4         "t+e:"    7   23.475618  16.027983  13.429134
   5         "t+oe"   14   36.807060  37.946156  72.375252
   6         "t+oi"   14   55.999924  37.911087  72.617439
   7         "t+u:"   14   50.859150  39.919693  33.875050
   8         "t-ae"   14  142.073807 127.723236 151.947632
   9         "t-ai"   14   73.166328  64.060867 170.414017
  10         "t-ao"   12   52.099293 102.176071 169.267410
  11         "t-au"    6   19.692575  56.252583  55.653027
  12         "t-oe"   14   58.392673 104.441650 165.892670
  13         "t-oi"   14   51.510136  47.747307 148.160751
  14         "t-ou"   10   41.678230  52.204578 100.601860
  15         "t-u:"   14  149.364960 124.968224 105.124763
  16           "sp"  315  526.904968
  17      "a:-t+ao"   12   38.022884  24.441593  32.093475
  18      "a:-t+au"    6   28.931862  17.783493  25.712339
  19      "a:-t+ou"   10   31.858753  24.489843  27.087889
  20       "t-e:+n"    7   38.768723  27.353512  18.056574
  21        "a-t+i"    7   13.026978   7.080513   9.354925
  22         "m+a:"   28  181.409637  92.288757 136.080414
  23         "m+ao"   14  138.033279  49.937714  61.617237
  24         "m+au"   14  144.608978  51.242767 103.437141
  25         "m+ou"   14   64.056023  34.547318  30.071905
  26         "m-ao"   14   40.834312 198.759979 176.265137
  27         "m-au"   14  118.068031  93.342293 176.941833
  28        "t-e+r"   14   15.051994  32.786663  15.329830
  29       "h-oi+h"   14   48.854134 109.379448  58.830032
  30        "t-i+u"    7   23.815735  22.838802  27.657570
  31         "n-ei"    7   41.277596  33.858761  61.303127
  32      "oi-h+oi"   14   57.235359  63.124184  74.547462
  33        "m-a+t"    7   19.615644  29.053970  23.809200
  34       "t-oe+t"   14   47.771038  55.348755 105.683624
  35          "i-u"    7   16.556112  21.387691  51.511688
  36          "m+a"    7   48.998005  16.610241   8.934543
  37          "n-e"    7    9.584690  11.043452  73.020065
  38          "r-e"   14   16.809082  25.468555  78.726807
  39          "sil"  630  2174.437500 526.904968 793.932129
  40         "p+ae"    6   26.139410  32.649189  22.067783
  41         "p+ai"    6   21.236116  23.433031  24.562292
  42         "p+ao"    7   27.002708  20.633656  38.201912
  43         "p+au"    7   29.572596  22.138668  30.321033
  44         "p+o:"    7   34.771324  15.894444  27.437948
  45         "p+ou"    7   37.171791  29.056162  33.083710
  46         "p-ae"    6   47.007366  47.913002 110.045258
  47         "p-ai"    6   28.088329  46.510056  71.975563
  48         "p-ao"    7   42.106594  34.707897  99.178741
  49         "p-au"    7   35.475708  49.353333  94.103745
  50         "p-o:"    7   52.360294  64.404457  56.164173
  51         "p-ou"    7   46.685104  58.050087  80.494492
  52         "h+au"    6   52.665276  16.393787  11.492973
  53       "t-a:+n"    7   83.244408  31.365526  13.678880
  54         "h+e:"   12   80.118889  47.049328  30.014612
  55         "h+ei"   12   88.273827  48.179104  37.103580
  56         "h+i:"   10   83.142418  35.343071  24.878189
  57         "h+oe"   14  119.612625  73.696609  56.174179
  58         "h+oi"   14   99.707588  46.446533  41.665855
  59         "h+ou"    6   53.996876  21.649109  18.976273
  60         "h-au"    6   26.841110  45.976894  58.108364
  61         "h-e:"   12  153.467911 143.143631 101.191460
  62         "h-ei"   12  106.805290 125.868408 136.413513
  63         "h-i:"   10  116.326797  68.205635 112.001183
  64         "h-oe"   14   60.114136  93.766052 149.507675
  65         "h-oi"   14   52.812450  66.192017 149.323349
  66         "h-ou"    6   42.945946  51.173935  78.313454
  67      "e:-n+ei"    7   63.539345  28.742813  30.010578
  68      "oe-t+oe"   14   70.222420  48.550316  69.290840
  69       "a:-n+e"    7   32.740608  21.432276  26.551058
  70       "m-ou+t"   14   61.350471  89.382835  53.708599
  71        "e-r+e"   14   46.860832  39.978344  58.218300
  72         "k+e:"   14   77.286324  48.751923  61.924774
  73         "k+ei"   12   61.987442  48.312229  59.575855
  74         "k+i:"   14   78.184868  49.003162  43.247524
  75         "k-e:"   14  195.824371 149.006088 139.079468
  76         "k-ei"   12   91.404114 125.276199 117.596138
  77         "k-i:"   14  121.658936 126.942612 167.172867
  78       "m-a:+t"   28  198.296387 106.027550 222.741760
  79       "ou-t+e"   14   71.193260  23.671640  14.077826
