   1         "t+a:"   10   24.210529  23.143822  51.484589
   2         "t+ae"   20   54.229347  49.573284  82.634445
   3         "t+ai"   20   51.864826  53.231892  96.996101
   4         "t+e:"   10   35.222622  23.871086  17.849977
   5         "t+oe"   20   52.303791  54.034477  99.585060
   6         "t+oi"   18   48.904598  48.972607  89.254517
   7         "t+u:"   20   95.733208  54.444656  43.869335
   8         "t-ae"   20  194.982346 180.163666 228.944580
   9         "t-ai"   20  107.618309  91.015900 252.017609
  10         "t-ao"   18  131.913254 142.713776 236.760620
  11         "t-au"    9   45.640118  84.115417  86.694901
  12         "t-oe"   20   97.860992 153.277664 231.828323
  13         "t-oi"   18   64.454285  59.930908 184.416595
  14         "t-ou"   16   63.526974 124.570778 146.882797
  15         "t-u:"   20  221.298935 172.174515 155.349579
  16           "sp"  457  682.104553
  17      "a:-t+ao"   18   46.260868  36.652168  46.832165
  18      "a:-t+au"    9   32.152527  23.262989  30.377270
  19      "a:-t+ou"   16   45.998264  32.793182  37.323605
  20       "t-e:+n"   10   54.719639  44.763168  28.384592
  21        "a-t+i"   10   18.311277  10.402781  12.037756
  22         "m+a:"   43  285.896423 148.459793 315.197815
  23         "m+ao"   20  190.229370  77.651329 136.783768
  24         "m+au"   20  202.351593  75.179184 123.537796
  25         "m+ou"   20   98.771683  56.822495  49.593357
  26         "m-ao"   20  106.575790 195.288635 234.379044
  27         "m-au"   20  143.771683 155.655609 250.070801
  28        "t-e+r"   20   25.172983  41.399651  24.398912
  29       "h-oi+h"   20   70.388161 137.425476 118.080994
  30        "t-i+u"   10   37.163151  23.744707  31.498043
  31         "n-ei"   10   58.021908  59.856552  74.705101
  32      "oi-h+oi"   20   88.245964  74.915161 105.246483
  33        "m-a+t"   10   24.457542  34.311741  45.650627
  34       "t-oe+t"   20   73.390457  93.769272 157.815414
  35          "i-u"   10   33.107140  37.714256  84.303833
  36          "m+a"   10   60.356956  24.162014  14.650235
  37          "n-e"   10   14.210458  27.563227  70.517303
  38          "r-e"   20   25.500286  54.089771 120.934555
  39          "sil"  914  2795.864746 682.104553 1206.764282
  40         "p+ae"    9   33.082050  32.232491  42.201790
  41         "p+ai"    9   36.701393  36.518742  28.543392
  42         "p+ao"   10   42.009277  24.705481  50.636887
  43         "p+au"   10   38.862949  24.290115  41.053661
  44         "p+o:"   10   44.477047  13.597075  24.767279
  45         "p+ou"   10   44.333302  23.154305  40.763149
  46         "p-ae"    9   65.222710  76.252197 138.553192
  47         "p-ai"    9   43.207577  67.661873 102.721313
  48         "p-ao"   10   70.470604  69.207245 131.563950
  49         "p-au"   10   48.269356  72.876152 125.444908
  50         "p-o:"   10   83.774536  96.909019  80.977615
  51         "p-ou"   10   59.591152 110.205116  95.006615
  52         "h+au"    9   71.091911  25.210859  18.003963
  53       "t-a:+n"   10  126.651237  35.320656  21.856737
  54         "h+e:"   18  125.026207  64.219398  41.985058
  55         "h+ei"   18  119.748306  60.408680  46.707233
  56         "h+i:"   16  123.498886  53.085571  47.472137
  57         "h+oe"   20  148.234940  93.708771 101.204659
  58         "h+oi"   20  112.321510  67.729477  62.267429
  59         "h+ou"    9   69.446632  29.744144  22.868856
  60         "h-au"    9   50.194820  72.966484  86.277199
  61         "h-e:"   18  310.386383 146.376602 149.429688
  62         "h-ei"   18  170.714996 206.279678 151.724380
  63         "h-i:"   16  173.947800 148.506668 147.958954
  64         "h-oe"   20   85.549767 130.050262 221.533600
  65         "h-oi"   20   78.833115 116.619057 180.860840
  66         "h-ou"    9   63.467453 116.524063  86.603821
  67      "e:-n+ei"   10   75.502625  46.306370  48.922955
  68      "oe-t+oe"   20   99.329201  52.461803 103.476074
  69       "a:-n+e"   10   52.358658  35.382423  45.168507
  70       "m-ou+t"   20   69.574860  63.021393 169.744888
  71        "e-r+e"   20   54.739452  52.540966  73.984596
  72         "k+e:"   20  109.333969  56.824745  71.286880
  73         "k+ei"   18   91.597321  58.909229  85.086166
  74         "k+i:"   20  128.346848  60.283150  73.592415
  75         "k-e:"   20  278.367950 203.171967 192.636475
  76         "k-ei"   18  173.127991 161.188461 170.899017
  77         "k-i:"   20  141.896927 251.590179 166.942993
  78       "m-a:+t"   43  184.531326 283.375427 263.255524
  79       "ou-t+e"   20  106.074142  35.425648  20.523781
