   1         "t+a:"   15   50.512352  37.386181  80.389427
   2         "t+ae"   21   69.384544  54.645573  94.440903
   3         "t+ai"   22   70.459068  63.284607 110.263924
   4         "t+e:"   13   51.866898  35.591526  24.359594
   5         "t+oe"   22   85.447998  58.362747 106.712814
   6         "t+oi"   22   83.201485  62.990997 122.037415
   7         "t+u:"   22  106.380798  64.092796  50.908817
   8         "t-ae"   21  212.476227 224.103699 196.349533
   9         "t-ai"   22  126.152206 133.186676 232.106537
  10         "t-ao"   17   72.779175 147.339584 229.071350
  11         "t-au"   12   85.420990  94.738121  97.024040
  12         "t-oe"   22   94.719582 177.272293 241.175522
  13         "t-oi"   22   83.235474  85.714073 259.062073
  14         "t-ou"   16  108.713318 117.587608 128.962006
  15         "t-u:"   22  189.851807 242.954437 200.947449
  16           "sp"  541  942.136475
  17      "a:-t+ao"   17   57.445862  39.915173  67.996666
  18      "a:-t+au"   12   58.651966  31.201563  52.554016
  19      "a:-t+ou"   16   70.928032  40.487179  47.661869
  20       "t-e:+n"   13   92.081657  43.111431  48.683552
  21        "a-t+i"   15   26.402754  18.381958  20.156908
  22         "m+a:"   45  338.056610 139.476105 218.381027
  23         "m+ao"   22  231.669052  73.514206  85.830147
  24         "m+au"   22  261.543823  75.746887 118.221146
  25         "m+ou"   22  129.702774  63.329922  63.971024
  26         "m-ao"   22   80.610420 330.415100 270.681335
  27         "m-au"   22  205.225906 173.801788 242.494797
  28        "t-e+r"   22   28.273176  35.984756  37.792290
  29       "h-oi+h"   21   69.991165 193.920013  95.508339
  30        "t-i+u"   15   64.796921  40.072834  43.852753
  31         "n-ei"   13   94.910324  66.441315 127.266411
  32      "oi-h+oi"   21   81.339508  87.828461 119.354980
  33        "m-a+t"   15   41.786861  54.256905  76.351395
  34       "t-oe+t"   22   81.692146 117.638596 167.769806
  35          "i-u"   15   54.334305  48.162796 107.010056
  36          "m+a"   15  102.992241  37.216026  37.019695
  37          "n-e"   15   31.904518  29.175152 110.759476
  38          "r-e"   22   43.408859  41.103428 125.008888
  39          "sil" 1082  3437.859375 942.136475 1821.248779
  40         "p+ae"   14   46.148808  50.420410  63.623562
  41         "p+ai"   14   39.240242  46.504341  52.359783
  42         "p+ao"   15   41.457863  78.110847  74.691772
  43         "p+au"   15   43.869091  56.365166  51.400726
  44         "p+o:"   14   41.099037  32.753128  42.993988
  45         "p+ou"   14   49.683926  48.134205  46.798367
  46         "p-ae"   14   90.698486 132.212540 183.656067
  47         "p-ai"   14   78.630379 117.443451 134.428391
  48         "p-ao"   15   56.154007 128.848557 187.316055
  49         "p-au"   15   88.555946 120.910095 188.284195
  50         "p-o:"   14  117.875305 126.296432  99.967339
  51         "p-ou"   14  118.483734 153.007553 135.494141
  52         "h+au"   13   86.556290  39.474529  28.247658
  53       "t-a:+n"   15  177.015991  87.127884  32.960854
  54         "h+e:"   20   83.385551  57.038540  57.928528
  55         "h+ei"   20  118.365990  64.319267  55.102230
  56         "h+i:"   18   55.032520  56.261044  43.357895
  57         "h+oe"   22  155.273468  98.039780  93.295792
  58         "h+oi"   21  106.508240  68.839035  60.990940
  59         "h+ou"   14   83.959595  54.364864  30.904743
  60         "h-au"   13   90.665970 129.092377 115.861374
  61         "h-e:"   20  331.282227 181.757813 176.607590
  62         "h-ei"   20  193.769714 258.460632 185.981064
  63         "h-i:"   18  191.471405 148.480972 169.561615
  64         "h-oe"   22   99.615074 137.335815 255.656509
  65         "h-oi"   21   73.549919  88.138138 261.816040
  66         "h-ou"   14  150.798386 183.168854 136.716507
  67      "e:-n+ei"   13   97.638443  65.480347  50.102619
  68      "oe-t+oe"   22  127.037224  72.818718 109.119797
  69       "a:-n+e"   15   74.443062  62.710026  87.959984
  70       "m-ou+t"   22   81.929680  60.402271 180.079636
  71        "e-r+e"   22   99.115227  73.319199 113.000305
  72         "k+e:"   22  106.285767  68.907356 105.124695
  73         "k+ei"   20   89.523506  84.613190  74.017044
  74         "k+i:"   22   91.285133  61.337265  50.501904
  75         "k-e:"   22  328.457153 237.744766 197.941666
  76         "k-ei"   20  160.856506 229.516754 196.362411
  77         "k-i:"   22  133.899887 233.285629 264.904724
  78       "m-a:+t"   45  324.515137 206.242004 382.159943
  79       "ou-t+e"   22  135.991440  42.226082  26.660337
