   1         "t+a:"    8   23.116755  22.376558  46.295624
   2         "t+ae"    7   21.108498  15.116604  28.435179
   3         "t+ai"    8   19.993477  24.016964  44.038246
   4         "t+e:"    6   21.334299  17.010202  10.761135
   5         "t+oe"    8   36.011539  24.207552  32.047890
   6         "t+oi"    8   28.622948  28.239449  48.739468
   7         "t+u:"    8   43.596718  19.839567  16.898783
   8         "t-ae"    7   83.228981  72.672050  58.082642
   9         "t-ai"    8   49.989052  53.040489  76.775566
  10         "t-ao"    5   56.061394  36.074455  48.730457
  11         "t-au"    6   52.835373  51.523598  47.906677
  12         "t-oe"    8   33.450794  80.587547  57.841282
  13         "t-oi"    8   30.645573  37.049313 105.206444
  14         "t-ou"    6   54.939976  42.813560  62.677799
  15         "t-u:"    8   89.194191 104.502129  64.989204
  16           "sp"  226  439.506287
  17      "a:-t+ao"    5   15.570568  11.918312  21.377150
  18      "a:-t+au"    6   28.840446  12.960158  16.658834
  19      "a:-t+ou"    6   36.951897  15.289923  28.873455
  20       "t-e:+n"    6   52.398144  20.738749  11.167855
  21        "a-t+i"    8   16.886324   8.173226   9.939714
  22         "m+a:"   17  150.998749  47.825764  48.111389
  23         "m+ao"    8   92.678574  24.723297  16.673210
  24         "m+au"    8  106.259064  23.172733  35.457378
  25         "m+ou"    8   53.192444  22.168043  28.583214
  26         "m-ao"    8   82.151108 110.386948  75.093231
  27         "m-au"    8   59.422390  80.598167  91.767311
  28        "t-e+r"    8   28.355652  14.962205  27.407183
  29       "h-oi+h"    7   25.990011  79.468307  39.791115
  30        "t-i+u"    8   36.020729  19.006252  23.996931
  31         "n-ei"    6   49.675335  49.653099  61.199757
  32      "oi-h+oi"    7   26.492128  20.162071  40.054173
  33        "m-a+t"    8   24.088501  35.736050  48.257587
  34       "t-oe+t"    8   27.857903  48.230438  87.673164
  35          "i-u"    8   24.735195  38.049252  63.030949
  36          "m+a"    8   53.752922  20.592710  25.921240
  37          "n-e"    8   25.925673  30.477442  56.966267
  38          "r-e"    8   42.870358  35.103817  49.507824
  39          "sil"  452  1154.307861 439.506287 1105.395142
  40         "p+ae"    8   33.478016  28.574568  30.029531
  41         "p+ai"    8   31.561756  27.410025  25.065229
  42         "p+ao"    8   27.058254  36.370369  25.561956
  43         "p+au"    8   35.005775  37.855473  21.365978
  44         "p+o:"    7   37.989365  10.834511  29.376320
  45         "p+ou"    7   23.120724  14.019165  32.960533
  46         "p-ae"    8   50.232666  64.056519  81.379189
  47         "p-ai"    8   46.742046  61.011772  68.774834
  48         "p-ao"    8   77.116875  50.686882  81.025955
  49         "p-au"    8   49.829926  60.372089  92.081467
  50         "p-o:"    7   76.820335  35.611336  40.801338
  51         "p-ou"    7   74.471527  57.539104  79.969292
  52         "h+au"    7   23.275858  25.547745  17.539505
  53       "t-a:+n"    8  104.891373  33.967674  14.964494
  54         "h+e:"    8   20.090076  21.688879  29.538887
  55         "h+ei"    8   23.421968  24.895632  27.134178
  56         "h+i:"    8   20.656258  19.184259  12.516603
  57         "h+oe"    8   22.878778  25.859709  44.830452
  58         "h+oi"    7   19.949945  15.384190  19.665874
  59         "h+ou"    8   20.474785  25.241392  18.118431
  60         "h-au"    7   54.479603  77.891281  69.805328
  61         "h-e:"    8  179.077621  28.469618  64.662178
  62         "h-ei"    8   78.576439 115.040642  57.345818
  63         "h-i:"    8   73.203560  77.284607  76.077759
  64         "h-oe"    8   32.294537  64.862999  91.342941
  65         "h-oi"    7   29.045053  39.197212  91.814278
  66         "h-ou"    8  102.795441  94.389992  78.202011
  67      "e:-n+ei"    6   50.405212  22.165606  25.991753
  68      "oe-t+oe"    8   50.092644  26.217615  50.730846
  69       "a:-n+e"    8   32.496918  29.797663  54.311531
  70       "m-ou+t"    8   13.362991  15.426317  21.073082
  71        "e-r+e"    8   86.639252  48.472122  74.323257
  72         "k+e:"    8   27.293903  23.940876  58.670578
  73         "k+ei"    8   23.124363  34.047958  54.807613
  74         "k+i:"    8   32.611519  16.114500  13.173547
  75         "k-e:"    8  128.840088  51.793076  82.024986
  76         "k-ei"    8   47.469795  76.014511  82.468842
  77         "k-i:"    8   32.821907  88.293800  88.771408
  78       "m-a:+t"   17  176.876587  91.223206 167.356583
  79       "ou-t+e"    8   12.095687  12.965478  20.013998
